# https://www.nonograms.org/nonograms/i/32918
ROW
14,7,6
1,5,3,1
1,3,1,1
1,3,5,4,1,2,1
1,1,3,5,5,1,1
1,6,1,5,8,1
1,14,3,1,1,3,1
1,3,1,4,2,3,2,1
1,2,5,1,3,4,1
3,1,2,3,1
5,2,1
2,1
1,3
1,4,5,3
1,3,3,2,2
1,2,9,3,1
1,2,2,4,6,1
1,3,2,2,2,3,1
1,4,2,2,2,2,2
1,8,4,4,6
1,21
1,19,1
1,17,1
1,15,1
1,8,1
1,3,1
1,4,1
1,13,1
1,4,5,4,1
7,24,1
COL
9,17
1,3,1
1,5,1,1
1,5,1,1
1,3,2,2,1
1,2,1,1,2,1
1,5,2,1
1,2,1,1,3
1,7,4,1
1,1,5,4,1
1,1,2,4,1
1,2,2,5,2
1,3,5,2
1,1,1,2,7,2
1,4,8,3
3,2,1,2,5,1,1
1,1,2,2,1,5,1,1
1,3,1,1,5,1,1
1,3,1,1,2,6,4
2,4,18
1,1,1,18
1,2,2,5,11
1,1,1,1,1,5,3
1,6,2,6,1,1
1,3,8,1,1
2,2,8,1,1
1,5,1,5,3
1,2,2,2,3,2
1,1,1,7,2
1,3,1,1,4,2
1,2,1,2,1,1
1,1,2,1,1
1,1,1,1
1,2,2
12,5,9
