# https://www.nonograms.org/nonograms/i/32910
ROW
20,14
24,11
27,10
15,11,10
18,9,1,9
2,18,7,1,8
3,21,6,1,7
4,23,7,6
6,24,4,1,5
6,27,4,1,4
7,31,1,3
9,10,17,1,2
10,12,17,1,2
10,29,1,2
10,29,2
10,28,2
9,26,3
8,8,9,3
10,5,8,2
9,7,1
9,8
9,7,1
10,6,2
10,5,1
2,8,5,2
1,7,5,2
1,6,5,2
1,6,5,2
1,5,5,3
1,4,5,3
1,4,6,5,4
1,4,9,8,4
1,3,2,8,8,5
1,1,2,3,2,13,5
2,2,4,14,6
2,2,2,5,2,5,3,2,6
5,2,3,2,2,9
5,1,4,9
3,2,9
3,1,9
4,9
5,10
6,1,10
3,3,1,2,10
3,4,1,2,10
4,4,2,2,11
4,4,3,3,12
5,4,9,12
7,5,7,12
7,4,13
7,3,4,4,13
8,4,12,13
8,4,14
9,5,14
9,4,2,2,15
9,4,10,16
9,4,6,17
10,3,18
10,3,1,19
10,4,2,20
10,4,4,22
10,36
10,34
10,33
10,31
COL
17
17
18
11,19
3,2,20
6,2,22
7,5,2,23
21,2,5,14
26,3,3,12
26,14,8
23,13
23,14
22,10
1,18,8
5,9,6
8,6,6
9,5,2,6
11,4,4
11,2,1,3
12,3,1,3
13,3,1,1,3
14,4,1,1,3
14,4,1,1,3
15,3,2,1,3
16,2,1,1,2,4
17,1,2,4,1,1,4
17,4,3,1,2,5
17,4,3,1,2,6
17,4,2,1,2,7
3,7,5,2,1,2,5
3,7,5,2,1,2,4
3,6,5,2,1,2,4
3,6,5,2,1,1,4
4,13,5,3,1,2,5
5,13,5,6,2,1,5
5,12,1,2,4,1,6
5,12,3,1,1,7
5,11,3,1,8
5,10,4,9
6,9,4,10
6,8,3,11
1,6,8,3,1,13
1,6,8,6,16
1,1,13,5,19
2,1,13,5,20
4,1,12,5,24
5,2,14,37
6,1,55
7,1,23,29
8,1,20,31
9,1,16,33
10,4,10,35
11,2,3,37
19,1,43
20,2,41